0,278
0,318
0,317
0,316
0,283
0,243
26,3
26,2
26,1
26,0
25,3
25,2
0,9
25,1
25,0
24,52
24,51
24,50
24,49
24,48
24,47
24,46
24,45
24,44
24,43
24,42
24,41
24,40
24,39
24,38
24,37
24,36
24,35
10,175
10,120
10,132
10,108
10,137
10,186
11,4
11,9
9,5
9,7
8,15
8,14
8,10
8,13
20,3
20,2
20,1
19,3
19,2
19,1
12,3
12,2
12,1
11,28
11,27
11,26
11,25
11,24
11,23
11,22
11,21
11,20
11,19
11,13
11,11
11,6
11,5
11,3
11,2
11,1
10,302
10,301
10,300
10,299
10,298
10,297
10,296
10,295
10,294
10,293
10,292
10,291
10,290
10,289
